日期 时间 地精金库 史莱姆保护协会 传说武库 明钻商户 魔龙教会
2025/09/02 18:00 965 898 2294 1938 3595
2025/09/02 22:00 916 904 2298 1847 3546
2025/09/03 10:00 984 965 2457 1697 3969
2025/09/03 14:00 1036 918 2279 1587 4167
2025/09/03 18:00 1028 925 2244 1695 4322
2025/09/03 22:00 1087 974 2190 1666 4672
2025/09/04 10:00 1110 1031 2402 1524 4402
2025/09/04 14:00 1005 1079 2516 1567 4595
2025/09/04 18:00 1092 1074 2368 1688 5043
2025/09/04 22:00 1152 1184 2590 1737 4712
2025/09/05 10:00 1148 1141 2500 1745 4667
2025/09/05 14:00 1192 1195 2464 1763 4344
2025/09/05 18:00 1281 1271 2353 1890 4163
2025/09/05 22:00 1330 1397 2266 1821 3995
2025/09/06 10:00 1270 1382 2082 2011 4359
2025/09/06 14:00 1420 1449 2016 2068 3992
2025/09/06 18:00 1557 1314 1900 2081 4109
2025/09/06 22:00 1496 1390 2013 1978 3769
2025/09/07 10:00 1391 1320 1980 1963 3708
2025/09/07 14:00 1262 1203 2035 1979 3395
2025/09/07 18:00 1312 1104 2011 2119 3579
2025/09/07 22:00 1377 1018 2161 1924 3355
2025/09/08 10:00 1366 947 2069 2044 3449
2025/09/08 14:00 1255 869 2024 1844 3860
2025/09/08 18:00 1212 786 1876 1686 4278
2025/09/08 22:00 1097 823 1939 1725 4628
2025/09/09 10:00 1122 907 1955 1777 4830
2025/09/09 14:00 1097 964 2166 1781 4717
2025/09/09 18:00 1033 975 2179 1936 4660
2025/09/09 22:00 1025 907 2146 2163 4533
2025/09/10 10:00 971 988 2398 1997 4399
2025/09/10 14:00 955 940 2449 2041 4085
2025/09/10 18:00 945 930 2582 2263 4263
2025/09/10 22:00 1011 901 2608 2052 4386
2025/09/11 10:00 1116 972 2571 1928 4226
2025/09/11 14:00 1058 914 2537 2018 4131
2025/09/11 18:00 1041 993 2490 2032 3737
2025/09/11 22:00 959 1007 2660 2205 4022
2025/09/12 10:00 1067 986 2583 2038 4333
2025/09/12 14:00 1062 1043 2326 1863 4194
2025/09/12 18:00 1114 1090 2129 1983 4101
2025/09/12 22:00 1189 1050 2159 2122 4038
2025/09/13 10:00 1130 986 2325 2089 3870
2025/09/13 14:00 1073 952 2246 2012 4283
2025/09/13 18:00 1091 974 2426 2165 4107
2025/09/13 22:00 1102 1013 2717 2284 3720
2025/09/14 10:00 1040 1000 2629 2466 3563
2025/09/14 14:00 1127 1011 2442 2287 3688
2025/09/14 18:00 1026 949 2482 2152 3333
2025/09/14 22:00 1072 1038 2532 2065 3075
2025/09/15 10:00 1101 1020 2410 2061 2862
2025/09/15 14:00 1053 1101 2633 1960 2667
2025/09/15 18:00 1069 1145 2508 1818 2403
2025/09/15 22:00 1031 1182 2740 1876 2447
2025/09/16 10:00 1007 1109 2473 1954 2718
2025/09/16 14:00 916 1050 2439 1769 2681
2025/09/16 18:00 865 1050 2536 1954 2751
2025/09/16 22:00 805 1113 2305 2142 2610
2025/09/17 10:00 747 1244 2522 2283 2456
2025/09/17 14:00 803 1327 2274 2313 2391
2025/09/17 18:00 786 1247 2067 2355 2635
2025/09/17 22:00 821 1318 2185 2284 2929
2025/09/18 10:00 841 1237 2393 2283 2695
2025/09/18 14:00 762 1361 2320 2366 2702
2025/09/18 18:00 808 1349 2219 2133 2523
2025/09/18 22:00 904 1466 2337 2315 2529
2025/09/19 10:00 940 1346 2283 2240 2492
2025/09/19 14:00 897 1487 2139 2119 2713
2025/09/19 18:00 971 1446 2161 1920 2538
2025/09/19 22:00 916 1425 2227 2003 2751
2025/09/20 10:00 994 1298 2139 2042 2731
2025/09/20 14:00 1062 1334 2388 2020 2976
2025/09/20 18:00 1041 1272 2321 1949 2791
2025/09/20 22:00 1106 1289 2110 1855 3032
2025/09/21 10:00 1005 1426 1911 1833 3328
2025/09/21 14:00 936 1303 1815 2024 3307
2025/09/21 18:00 976 1264 1647 1910 3578
2025/09/21 22:00 911 1384 1841 1909 3887
2025/09/22 10:00 834 1329 1761 2001 3840
2025/09/22 14:00 899 1331 1859 1906 3540
2025/09/22 18:00 993 1207 1679 2116 3811
2025/09/22 22:00 1064 1103 1691 2285 3943
2025/09/23 10:00 994 1186 1721 2069 3701
2025/09/23 14:00 945 1269 1698 2277 3540
2025/09/23 18:00 882 1147 1708 2421 3692
2025/09/23 22:00 798 1281 1862 2368 3485
2025/09/24 10:00 770 1184 1702 2508 3456
2025/09/24 14:00 722 1142 1699 2638 3595
2025/09/24 18:00 677 1224 1839 2807 3473
2025/09/24 22:00 658 1162 2026 2843 3371
2025/09/25 10:00 674 1110 2207 2708 3251
2025/09/25 14:00 698 1017 2166 2518 3447
2025/09/25 18:00 741 1077 2254 2376 3181
2025/09/25 22:00 673 1025 2150 2307 3341
2025/09/26 10:00 708 1127 2201 2457 3246
2025/09/26 14:00 687 1150 2133 2376 3067
2025/09/26 18:00 650 1281 1938 2503 2951
2025/09/26 22:00 721 1222 2110 2447 3181
2025/09/27 10:00 743 1167 2156 2342 2917
2025/09/27 14:00 791 1069 2162 2189 3079
2025/09/27 18:00 878 1191 2097 2260 2815
2025/09/27 22:00 916 1074 2270 2402 2830
2025/09/28 10:00 957 1164 2471 2407 2692
2025/09/28 14:00 914 1146 2337 2173 2520
2025/09/28 18:00 949 1231 2213 2040 2667
2025/09/28 22:00 941 1124 2172 1980 2606
2025/09/29 10:00 990 1038 2007 1923 2673
2025/09/29 14:00 892 1086 2200 1801 2606
2025/09/29 18:00 888 1101 2408 1815 2754
2025/09/29 22:00 834 1029 2563 1693 2731
2025/09/30 10:00 877 1134 2655 1890 2875
2025/09/30 14:00 843 1047 2406 1807 3023
2025/09/30 18:00 926 1147 2429 1874 3297
2025/09/30 22:00 889 1139 2279 1735 3472
2025/10/01 10:00 885 1070 2361 1578 3409
2025/10/01 14:00 940 1052 2316 1691 3165
2025/10/01 18:00 1018 979 2364 1765 3117
2025/10/01 22:00 969 946 2289 1939 2886
2025/10/02 10:00 921 862 2136 2053 2637
2025/10/02 14:00 985 783 2257 2234 2489
2025/10/02 18:00 1099 737 2217 2042 2412
2025/10/02 22:00 991 753 2147 1873 2474
2025/10/03 10:00 1069 796 2197 1865 2646
2025/10/03 14:00 979 877 2054 2043 2827
2025/10/03 18:00 908 880 1988 2209 2612
2025/10/03 22:00 951 796 2120 2150 2555
2025/10/04 10:00 897 876 1940 2045 2636
2025/10/04 14:00 896 931 2031 1961 2880
2025/10/04 18:00 925 1013 2145 1860 2905
2025/10/04 22:00 867 1084 2010 2070 2789
2025/10/05 10:00 826 985 1848 2037 3086
2025/10/05 14:00 904 1014 1828 1891 3403
2025/10/05 18:00 1007 1056 1682 2061 3454
2025/10/05 22:00 1050 1164 1639 2189 3460
2025/10/06 10:00 978 1097 1808 2050 3376
2025/10/06 14:00 916 1014 1917 2062 3393
2025/10/06 18:00 841 1009 2077 1871 3436
2025/10/06 22:00 915 970 2155 1935 3826
2025/10/07 10:00 860 896 2064 2025 4145
2025/10/07 14:00 956 859 1911 2084 4170
2025/10/07 18:00 967 788 1723 2213 4168
2025/10/07 22:00 911 807 1635 2035 4466
2025/10/08 10:00 894 803 1757 2077 4550
2025/10/08 14:00 832 874 1620 2107 4869
2025/10/08 18:00 840 849 1663 2081 5075
2025/10/08 22:00 796 836 1694 2270 4642
2025/10/09 10:00 753 919 1642 2110 4211
2025/10/09 14:00 733 972 1702 1918 4456
2025/10/09 18:00 673 1035 1808 2136 4431
2025/10/09 22:00 752 1092 1745 2034 3993
2025/10/10 10:00 823 1067 1691 2230 3688
2025/10/10 14:00 879 996 1716 2056 3635
2025/10/10 18:00 929 1017 1857 2103 3976
2025/10/10 22:00 1002 926 1993 2106 4019
2025/10/11 10:00 975 954 1963 2041 3666
2025/10/11 14:00 1084 876 1840 1993 3676
2025/10/11 18:00 1051 829 1893 1847 3449
2025/10/11 22:00 1118 921 2035 1888 3831
2025/10/12 10:00 1120 1015 2004 2095 3977
2025/10/12 14:00 1113 1117 1881 2265 3931
2025/10/12 18:00 1013 1202 1737 2087 3601
2025/10/12 22:00 970 1185 1938 2300 3471
2025/10/13 10:00 904 1226 1785 2204 3304
2025/10/13 14:00 897 1272 1761 2022 3175
2025/10/13 18:00 879 1152 1957 2160 3412
2025/10/13 22:00 984 1112 2161 2003 3596
2025/10/14 10:00 939 1170 2135 1845 3433
2025/10/14 14:00 952 1083 2083 2006 3673
2025/10/14 18:00 942 1165 2175 2028 3467
